%YAML:1.0
---
R: !!opencv-matrix
   rows: 3
   cols: 3
   dt: d
   data: [ 9.9993498341774290e-01, 2.6241979404870610e-03,
       -1.1096960057932911e-02, -2.4672510164860692e-03,
       9.9989707522184812e-01, 1.4133351874750155e-02,
       1.1132906618662685e-02, -1.4105053986532582e-02,
       9.9983853988644444e-01 ]
T: !!opencv-matrix
   rows: 3
   cols: 1
   dt: d
   data: [ -2.0312065838384910e+01, -6.0952168771539104e-02,
       1.0401851453538131e+00 ]
E: !!opencv-matrix
   rows: 3
   cols: 3
   dt: d
   data: [ 1.8878230540693925e-03, -1.0392183508973718e+00,
       -7.5643630101621367e-02, 1.2662498482816154e+00,
       -2.8377313351226069e-01, 2.0297243356917249e+01,
       1.1106317095653157e-01, -2.0309815272958929e+01,
       -2.8775395757928812e-01 ]
F: !!opencv-matrix
   rows: 3
   cols: 3
   dt: d
   data: [ 1.0657519370132048e-07, -5.8587597327333246e-05,
       7.5467866062803616e-03, 7.1329376267014705e-05,
       -1.5963360872499942e-05, 1.9284363961623416e+00,
       -5.6724687108423303e-03, -1.9363406619875798e+00, 1. ]
Q: !!opencv-matrix
   rows: 4
   cols: 4
   dt: d
   data: [ 1., 0., 0., -4.2581612968444824e+02, 0., 1., 0.,
       -2.4154350852966309e+02, 0., 0., 0., 1.7101055525912175e+03, 0.,
       0., 4.9167172551968452e-02, 0. ]
Left Intrinsic Matrix: !!opencv-matrix
   rows: 3
   cols: 3
   dt: d
   data: [ 1.7030456173427692e+03, 0., 3.1990766924428226e+02, 0.,
       1.7053842405845878e+03, 2.5352711019223943e+02, 0., 0., 1. ]
Left Distortion Matrix: !!opencv-matrix
   rows: 1
   cols: 5
   dt: d
   data: [ -5.4256302363508324e-01, 1.9696029295264454e+00,
       1.4848341039909209e-03, 1.2210601479208535e-03,
       -2.2849042775083809e+01 ]
Right Intrinsic Matrix: !!opencv-matrix
   rows: 3
   cols: 3
   dt: d
   data: [ 1.7110963046200186e+03, 0., 3.2769847489445033e+02, 0.,
       1.7148268645978474e+03, 2.2944337914596588e+02, 0., 0., 1. ]
Right Distortion Matrix: !!opencv-matrix
   rows: 1
   cols: 5
   dt: d
   data: [ -5.6924361455274430e-01, 6.8436858351125034e+00,
       2.3920035862653216e-03, 3.8292136428679470e-03,
       -1.3064721251338341e+02 ]
