%YAML:1.0
---
R: !!opencv-matrix
   rows: 3
   cols: 3
   dt: d
   data: [ 9.9993498341785803e-01, 2.6241979396966616e-03,
       -1.1096960047748936e-02, -2.4672510153925060e-03,
       9.9989707522128357e-01, 1.4133351914881152e-02,
       1.1132906608567635e-02, -1.4105054026699860e-02,
       9.9983853988599014e-01 ]
T: !!opencv-matrix
   rows: 3
   cols: 1
   dt: d
   data: [ -2.0312065838379837e+01, -6.0952168721129629e-02,
       1.0401851441630681e+00 ]
E: !!opencv-matrix
   rows: 3
   cols: 3
   dt: d
   data: [ 1.8878230511705364e-03, -1.0392183497044249e+00,
       -7.5643630076106791e-02, 1.2662498468859595e+00,
       -2.8377313433201640e-01, 2.0297243356926757e+01,
       1.1106317088390733e-01, -2.0309815272942572e+01,
       -2.8775395839317969e-01 ]
F: !!opencv-matrix
   rows: 3
   cols: 3
   dt: d
   data: [ 1.0657519357146793e-07, -5.8587597278426357e-05,
       7.5467865981677946e-03, 7.1329376211021043e-05,
       -1.5963360923614390e-05, 1.9284363967992044e+00,
       -5.6724687015585838e-03, -1.9363406626063895e+00,
       9.9999999999999989e-01 ]
Q: !!opencv-matrix
   rows: 4
   cols: 4
   dt: d
   data: [ 1., 0., 0., -4.2581612968444824e+02, 0., 1., 0.,
       -2.4154350852966309e+02, 0., 0., 0., 1.7101055525904626e+03, 0.,
       0., 4.9167172552128269e-02, 0. ]
Left Intrinsic Matrix: !!opencv-matrix
   rows: 3
   cols: 3
   dt: d
   data: [ 1.7030456173321465e+03, 0., 3.1990766926565266e+02, 0.,
       1.7053842405807391e+03, 2.5352711026145946e+02, 0., 0., 1. ]
Left Distortion Matrix: !!opencv-matrix
   rows: 1
   cols: 5
   dt: d
   data: [ -5.4256302158144942e-01, 1.9696028096503548e+00,
       1.4848340960074240e-03, 1.2210601430347574e-03,
       -2.2849040702376879e+01 ]
Right Intrinsic Matrix: !!opencv-matrix
   rows: 3
   cols: 3
   dt: d
   data: [ 1.7110963046224417e+03, 0., 3.2769847489840572e+02, 0.,
       1.7148268646001864e+03, 2.2944337914607868e+02, 0., 0., 1. ]
Right Distortion Matrix: !!opencv-matrix
   rows: 1
   cols: 5
   dt: d
   data: [ -5.6924361456399619e-01, 6.8436858355155463e+00,
       2.3920035862615104e-03, 3.8292136424189502e-03,
       -1.3064721251537026e+02 ]
